function f = Reynaldo_Lima_Exame_MMT_02_f(Ti, DT, print)
%% Exame de MMT-02
%  Reynaldo Santos de Lima
%  Função f:
%  "transição do gráfico para o querosene do Saravanamuttoo, temperaturas
%  de entrada da turbina variando de 400 a 900 e fazendo interpolações
%  nessa direção. O delta T é aproximado para o múltimo de 5 mais próximo"
%  Entradas:
%  Ti, DT, Temperatura de entrada da CC, Diferençã de temperatura na CC
%  print: 1 ou 0 para indicar se há desejo de exibir o gráfico de f

f_400 = [0.00365 150;...
         0.00375 155;...
         0.00385 160;...
         0.00400 165;...
         0.00415 170;...
         0.00425 175;...
         0.00438 180;...
         0.00448 185;...
         0.00458 190;...
         0.00470 195;...
         0.00483 200;...
         0.00498 205;...
         0.00508 210;...
         0.00520 215;...
         0.00532 220;...
         0.00541 225;...
         0.00556 230;...
         0.00573 235;...
         0.00585 240;...
         0.00600 245;...
         0.00612 250;...
         0.00621 255;...
         0.00633 260;...
         0.00650 265;...
         0.00662 270;...
         0.00678 275;...
         0.00690 280;...
         0.00700 285;...
         0.00713 290;...
         0.00730 295;...
         0.00740 300;...
         0.00752 305;...
         0.00769 310;...
         0.00779 315;...
         0.00790 320;...
         0.00805 325;...
         0.00820 330;...
         0.00830 335;...
         0.00840 340;...
         0.00857 345;...
         0.00868 350;...
         0.00880 355;...
         0.00895 360;...
         0.00906 365;...
         0.00920 370;...
         0.00933 375;...
         0.00950 380;...
         0.00962 385;...
         0.00971 390;...
         0.00990 395;...
         0.01000 400;...
         0.01015 405;...
         0.01027 410;...
         0.01042 415;...
         0.01055 420;...
         0.01067 425;...
         0.01085 430;...
         0.01100 435;...
         0.01106 440;...
         0.01120 445;...
         0.01135 450;...
         0.01150 455;...
         0.01163 460;...
         0.01178 465;...
         0.01188 470;...
         0.01200 475;...
         0.01216 480;...
         0.01230 485;...
         0.01245 490;...
         0.01258 495;...
         0.01270 500;...
         0.01285 505;...
         0.01300 510;...
         0.01312 515;...
         0.01328 520;...
         0.01340 525;...
         0.01360 530;...
         0.01375 535;...
         0.01385 540;...
         0.01400 545;...
         0.01416 550;...
         0.01430 555;...
         0.01442 560;...
         0.01458 565;...
         0.01470 570;...
         0.01485 575;...
         0.01500 580;...
         0.01516 585;...
         0.01535 590;...
         0.01548 595;...
         0.01560 600;...
         0.01580 605;...
         0.01595 610;...
         0.01605 615;...
         0.01619 620;...
         0.01630 625;...
         0.01640 630;...
         0.01655 635;...
         0.01670 640;...
         0.01688 645;...
         0.01700 650;...
         0.01720 655;...
         0.01735 660;...
         0.01745 665;...
         0.01760 670;...
         0.01775 675;...
         0.01790 680;...
         0.01806 685;...
         0.01822 690;...
         0.01835 695;...
         0.01855 700;...
         0.01868 705;...
         0.01882 710;...
         0.01900 715;...
         0.01910 720;...
         0.01928 725;...
         0.01940 730;...
         0.01959 735;...
         0.01975 740;...
         0.01990 745;...
         0.02005 750;...
         0.02015 755;...
         0.02030 760;...
         0.02045 765;...
         0.02060 770;...
         0.02078 775;...
         0.02090 780;...
         0.02105 785;...
         0.02125 790;...
         0.02140 795;...
         0.02155 800;...
         0.02170 805;...
         0.02182 810;...
         0.02200 815;...
         0.02215 820;...
         0.02230 825;...
         0.02248 830;...
         0.02262 835;...
         0.02278 840;...
         0.02295 845;...
         0.02305 850;...
         0.02324 855;...
         0.02338 860;...
         0.02352 865;...
         0.02370 870;...
         0.02385 875;...
         0.02398 880;...
         0.02415 885;...
         0.02430 890;...
         0.02445 895;...
         0.02460 900;...
         0.02478 905;...
         0.02495 910;...
         0.02510 915;...
         0.02528 920;...
         0.02537 925;...
         0.02550 930;...
         0.02565 935;...
         0.02583 940;...
         0.02600 945;...
         0.02615 950];

